$keys right_lid_raiser left_lid_raiser right_lid_tightener left_lid_tightener right_lid_droop left_lid_droop right_lid_closer left_lid_closer half_closed right_inner_raiser left_inner_raiser right_outer_raiser left_outer_raiser right_lowerer left_lowerer right_cheek_raiser left_cheek_raiser right_wrinkler left_wrinkler dilator right_upper_raiser left_upper_raiser right_corner_puller left_corner_puller right_corner_depressor left_corner_depressor chin_raiser right_part left_part right_puckerer left_puckerer right_funneler left_funneler right_stretcher left_stretcher bite presser tightener jaw_clencher jaw_drop right_mouth_drop left_mouth_drop right_cheek_puffer left_cheek_puffer mouth_sideways jaw_sideways lower_lip right_lower_lip left_lower_lip phon_jaw_drop
$hasweighting
"shocked" "_" 1.000 1.000 1.000 1.000 0.000 0.000 0.000 0.000 0.000 0.000 0.000 0.000 0.000 0.000 0.000 0.000 0.000 0.000 0.940 1.000 0.940 1.000 0.450 1.000 0.450 1.000 0.000 0.000 0.000 0.000 0.000 0.000 0.000 0.000 0.000 0.000 0.000 0.000 0.850 1.000 0.000 0.000 0.000 0.000 0.000 0.000 0.000 0.000 0.740 1.000 0.740 1.000 0.000 0.000 0.000 0.000 0.000 0.000 0.000 0.000 0.000 0.000 0.000 0.000 0.000 0.000 0.000 0.000 0.000 0.000 0.000 0.000 0.000 0.000 0.000 0.000 0.000 0.000 1.120 1.000 0.780 1.000 0.780 1.000 0.000 0.000 0.000 0.000 0.000 0.000 0.000 0.000 0.610 1.000 0.000 0.000 0.000 0.000 0.000 0.000 "shocked/scared"
"angry-combat" "_" 0.000 0.000 0.000 0.000 0.410 1.000 0.410 1.000 0.000 0.000 0.000 0.000 0.000 0.000 0.000 0.000 0.000 0.000 0.060 1.000 0.060 1.000 0.000 1.000 0.000 1.000 0.740 1.000 0.740 1.000 0.310 1.000 0.310 1.000 0.290 1.000 0.187 1.000 0.000 1.000 0.570 1.000 0.342 1.000 0.000 0.000 0.000 0.000 0.190 1.000 0.190 1.000 0.000 0.000 0.490 1.000 0.490 1.000 0.000 0.000 0.000 0.000 0.000 0.000 0.000 0.000 0.000 0.000 0.000 0.000 0.000 0.000 0.000 0.000 0.030 1.000 0.000 1.000 0.000 1.000 0.000 1.000 0.000 1.000 0.000 0.000 0.000 0.000 0.000 0.000 0.000 0.000 0.030 1.000 0.000 0.000 0.000 0.000 0.000 0.000 "intense and focused"
"angry - aggrivated" "_" 0.130 1.000 0.130 1.000 0.513 1.000 0.513 1.000 0.000 0.000 0.000 0.000 0.000 0.000 0.000 0.000 0.000 0.000 0.090 1.000 0.090 1.000 0.000 1.000 0.000 1.000 0.780 1.000 0.780 1.000 0.245 1.000 0.245 1.000 0.481 1.000 0.310 1.000 0.471 1.000 0.549 1.000 0.334 1.000 0.000 0.000 0.000 0.000 0.310 1.000 0.310 1.000 0.000 0.000 0.513 1.000 0.513 1.000 0.000 0.000 0.000 0.000 0.000 0.000 0.000 0.000 0.000 0.000 0.000 0.000 0.000 0.000 0.000 0.000 0.420 1.000 0.000 1.000 0.000 1.000 0.000 1.000 0.000 1.000 0.000 0.000 0.000 0.000 0.000 0.000 0.000 0.000 0.280 1.000 0.000 0.000 0.000 0.000 0.000 0.000 "."
"happy - hopeful" "_" 0.060 1.000 0.060 1.000 0.500 1.000 0.500 1.000 0.000 0.000 0.000 0.000 0.000 0.000 0.000 0.000 0.000 0.000 0.430 1.000 0.430 1.000 0.000 1.000 0.000 1.000 0.000 0.000 0.000 0.000 0.150 1.000 0.150 1.000 0.690 1.000 0.690 1.000 0.460 1.000 0.000 1.000 0.000 1.000 1.000 1.000 0.800 1.000 0.000 1.000 0.000 1.000 0.040 1.000 0.000 1.000 0.000 1.000 0.000 1.000 0.000 1.000 0.000 1.000 0.000 1.000 0.000 0.000 0.000 0.000 0.000 0.000 0.000 1.000 0.000 0.000 0.000 0.000 0.000 0.000 0.000 0.000 0.000 0.000 0.000 0.000 0.000 0.000 -0.020 1.000 0.000 0.000 0.450 1.000 0.000 0.000 0.000 0.000 0.000 0.000 "slight smile"
"angry - dialogue" "_" 0.000 1.000 0.000 1.000 0.590 1.000 0.590 1.000 0.000 0.000 0.000 0.000 0.000 0.000 0.000 0.000 0.000 0.000 0.210 1.000 0.210 1.000 0.000 0.000 0.000 0.000 0.860 1.000 0.860 1.000 0.150 1.000 0.150 1.000 0.000 1.000 0.000 1.000 0.000 1.000 0.360 1.000 0.360 1.000 0.000 0.000 0.000 0.000 0.000 0.000 0.000 0.000 0.000 0.000 0.000 0.000 0.000 0.000 0.000 0.000 0.000 0.000 0.000 0.000 0.000 0.000 0.000 0.000 0.000 0.000 0.000 0.000 0.000 0.000 0.000 0.000 0.000 0.000 0.000 0.000 0.000 0.000 0.000 0.000 0.000 0.000 0.000 0.000 0.000 0.000 0.000 0.000 0.000 0.000 0.000 0.000 0.000 0.000 0.000 0.000 "angry - dialogue"
"concerned - dialogue" "_" 0.330 1.000 0.330 1.000 0.000 0.000 0.000 0.000 0.000 0.000 0.000 0.000 0.000 0.000 0.000 0.000 0.000 0.000 0.625 1.000 0.710 1.000 0.090 1.000 0.070 1.000 0.640 1.000 0.640 1.000 0.000 0.000 0.000 0.000 0.000 0.000 0.000 0.000 0.480 1.000 0.040 1.000 0.040 1.000 0.000 0.000 0.000 0.000 0.310 1.000 0.310 1.000 0.000 0.000 0.000 0.000 0.000 0.000 0.000 0.000 0.000 0.000 0.000 0.000 0.000 0.000 0.000 0.000 0.000 0.000 0.000 0.000 0.000 0.000 0.000 0.000 0.000 0.000 0.220 1.000 0.480 1.000 0.480 1.000 0.000 0.000 0.000 0.000 0.000 0.000 0.000 0.000 0.000 1.000 0.000 0.000 0.000 0.000 0.000 0.000 "concerned - dialogue"
"disgusted" "_" 0.000 1.000 0.000 1.000 0.920 1.000 1.000 1.000 0.000 1.000 0.000 1.000 0.100 1.000 0.100 1.000 0.000 0.000 0.405 1.000 0.460 1.000 0.000 1.000 0.000 1.000 1.000 1.000 0.480 1.000 0.060 1.000 0.049 1.000 0.980 1.000 1.000 1.000 0.440 1.000 1.000 1.000 0.460 1.000 0.000 1.000 0.000 1.000 0.000 1.000 0.000 1.000 0.000 1.000 1.000 1.000 1.000 1.000 0.000 1.000 0.000 1.000 0.000 0.000 0.000 0.000 0.080 1.000 0.080 1.000 0.000 0.000 0.000 1.000 0.000 1.000 0.000 1.000 0.060 1.000 0.000 0.000 0.000 0.000 0.000 0.000 0.000 0.000 0.000 0.000 0.000 0.000 0.640 1.000 0.000 1.000 0.000 1.000 0.000 0.000 "disgusted"
"gruff" "_" 0.000 0.000 0.000 0.000 0.510 1.000 0.510 1.000 0.000 0.000 0.000 0.000 0.081 1.000 0.090 1.000 0.000 0.000 0.000 1.000 0.000 1.000 0.000 1.000 0.000 1.000 0.570 1.000 0.171 1.000 0.251 1.000 0.280 1.000 0.260 1.000 0.223 1.000 0.250 1.000 0.240 1.000 0.240 1.000 0.000 1.000 0.000 1.000 0.000 1.000 0.000 1.000 0.380 1.000 0.000 1.000 0.000 1.000 0.000 1.000 0.000 1.000 0.120 1.000 0.115 1.000 0.160 1.000 0.160 1.000 0.000 1.000 0.000 1.000 0.300 1.000 0.000 1.000 0.000 1.000 0.300 1.000 0.300 1.000 0.000 0.000 0.000 0.000 0.000 0.000 0.000 0.000 0.112 1.000 0.000 0.000 0.000 0.000 0.000 0.000 "gruff"
"maniacal" "_" 0.310 1.000 0.310 1.000 0.000 1.000 0.000 1.000 0.000 0.000 0.000 0.000 0.000 0.000 0.000 0.000 0.000 0.000 0.000 0.000 0.000 0.000 0.000 0.000 0.000 0.000 0.460 1.000 0.460 1.000 0.910 1.000 0.910 1.000 0.880 1.000 0.880 1.000 0.160 1.000 0.000 0.000 0.000 0.000 0.538 1.000 0.690 1.000 0.000 0.000 0.000 0.000 0.000 0.000 0.000 1.000 0.000 1.000 0.000 0.000 0.000 0.000 0.000 0.000 0.000 0.000 0.000 0.000 0.000 0.000 0.000 0.000 0.000 0.000 0.000 0.000 0.230 1.000 0.120 1.000 1.000 1.000 1.000 1.000 0.000 0.000 0.000 0.000 0.000 0.000 0.000 0.000 0.510 1.000 0.000 0.000 0.000 0.000 0.000 0.000 "maniacal"
"optimistic" "_" 0.140 1.000 0.140 1.000 0.180 1.000 0.180 1.000 0.000 1.000 0.000 1.000 0.000 0.000 0.000 0.000 0.000 0.000 0.629 1.000 0.850 1.000 0.055 1.000 0.230 1.000 0.430 1.000 0.224 1.000 0.800 1.000 0.800 1.000 0.000 1.000 0.000 1.000 0.540 1.000 0.000 1.000 0.000 1.000 0.872 1.000 0.890 1.000 0.000 0.000 0.000 0.000 0.000 1.000 0.525 1.000 0.610 1.000 0.000 0.000 0.000 0.000 0.000 0.000 0.000 0.000 0.000 1.000 0.000 1.000 0.000 0.000 0.000 0.000 0.000 0.000 1.000 1.000 0.780 1.000 0.000 1.000 0.000 1.000 0.000 0.000 0.000 0.000 0.000 0.000 0.000 0.000 0.000 1.000 0.000 0.000 0.000 0.000 0.000 0.000 "optimistic"
"sad" "_" 0.030 1.000 0.030 1.000 0.390 1.000 0.390 1.000 0.000 0.000 0.000 0.000 0.090 1.000 0.090 1.000 0.000 0.000 0.690 1.000 0.690 1.000 0.000 0.000 0.000 0.000 0.990 1.000 0.713 1.000 0.180 1.000 0.180 1.000 0.000 1.000 0.000 1.000 0.460 1.000 0.000 0.000 0.000 0.000 0.000 0.000 0.000 0.000 1.000 1.000 1.000 1.000 0.690 1.000 0.000 1.000 0.000 1.000 0.230 1.000 0.230 1.000 0.060 1.000 0.060 1.000 0.000 1.000 0.000 1.000 0.000 1.000 0.000 0.000 0.430 1.000 0.000 1.000 0.000 1.000 0.000 1.000 0.000 1.000 0.000 1.000 0.000 1.000 0.000 1.000 0.000 0.000 0.190 1.000 0.000 0.000 0.000 0.000 0.000 0.000 "sad"
"hurt01" "_" 0.000 1.000 0.000 1.000 0.000 1.000 0.000 1.000 0.000 0.000 0.000 0.000 0.140 1.000 0.140 1.000 0.000 1.000 0.288 1.000 0.360 1.000 0.000 1.000 0.000 1.000 0.920 1.000 1.000 1.000 0.706 1.000 0.750 1.000 0.198 1.000 0.210 1.000 0.010 1.000 0.469 1.000 0.690 1.000 0.000 1.000 0.000 1.000 0.210 1.000 0.210 1.000 0.000 1.000 0.000 1.000 0.000 1.000 0.000 1.000 0.000 1.000 0.000 1.000 0.000 1.000 0.000 1.000 0.000 1.000 0.000 1.000 0.000 1.000 0.230 1.000 0.190 1.000 0.000 1.000 0.000 1.000 0.000 1.000 0.000 1.000 0.000 1.000 -0.120 1.000 0.100 1.000 0.600 1.000 0.000 0.000 0.000 0.000 0.000 0.000 "hurt "
"hurt02" "_" 0.000 1.000 0.000 1.000 0.900 1.000 1.000 1.000 0.000 0.000 0.000 0.000 0.040 1.000 0.040 1.000 0.000 1.000 0.800 1.000 1.000 1.000 0.000 1.000 0.000 1.000 0.764 1.000 0.830 1.000 0.499 1.000 0.530 1.000 0.508 1.000 0.540 1.000 1.000 1.000 0.000 1.000 0.000 1.000 0.000 0.000 0.000 0.000 0.880 1.000 0.880 1.000 0.760 1.000 0.650 1.000 0.650 1.000 0.000 0.000 0.000 0.000 0.000 0.000 0.000 0.000 0.000 1.000 0.000 1.000 0.000 1.000 0.110 1.000 0.000 0.000 0.000 1.000 0.000 1.000 0.000 1.000 0.000 1.000 0.000 1.000 0.000 1.000 -0.120 1.000 0.100 1.000 0.690 1.000 0.480 1.000 0.480 1.000 0.000 1.000 "hurt02"
"smile" "_" 0.000 0.000 0.000 0.000 0.760 1.000 0.760 1.000 0.340 1.000 0.340 1.000 0.000 0.000 0.000 0.000 0.000 0.000 0.080 1.000 0.080 1.000 0.000 0.000 0.000 0.000 0.000 0.000 0.000 0.000 0.390 1.000 0.390 1.000 0.000 0.000 0.000 0.000 0.000 0.000 0.000 1.000 0.000 1.000 1.000 1.000 1.000 1.000 0.000 0.000 0.000 0.000 0.000 1.000 0.490 1.000 0.490 1.000 0.000 0.000 0.000 0.000 0.000 0.000 0.000 0.000 0.000 0.000 0.000 0.000 0.000 0.000 0.000 0.000 0.000 0.000 0.000 1.000 0.000 1.000 0.710 1.000 0.710 1.000 0.000 0.000 0.000 0.000 0.000 0.000 0.000 0.000 0.000 1.000 0.830 1.000 0.797 1.000 0.000 0.000 "smile"
"scared" "_" 0.810 1.000 0.810 1.000 0.110 1.000 0.110 1.000 0.000 0.000 0.000 0.000 0.000 0.000 0.000 0.000 0.000 0.000 0.860 1.000 0.860 1.000 0.090 1.000 0.090 1.000 0.290 1.000 0.290 1.000 0.000 1.000 0.000 1.000 0.000 1.000 0.000 1.000 0.330 1.000 0.000 1.000 0.000 1.000 0.040 1.000 0.040 1.000 0.830 1.000 0.830 1.000 0.800 1.000 0.280 1.000 0.280 1.000 0.000 0.000 0.000 0.000 0.000 0.000 0.000 0.000 0.000 0.000 0.000 0.000 0.000 0.000 0.000 0.000 0.000 1.000 0.000 0.000 0.260 1.000 0.000 1.000 0.000 1.000 0.000 0.000 0.000 0.000 0.000 0.000 0.000 0.000 1.000 1.000 0.460 1.000 0.460 1.000 0.000 0.000 "scared"
"surprise" "_" 0.840 1.000 0.840 1.000 0.000 0.000 0.000 0.000 0.000 0.000 0.000 0.000 0.000 0.000 0.000 0.000 0.000 0.000 0.730 1.000 0.730 1.000 0.000 1.000 0.000 1.000 0.000 0.000 0.000 0.000 0.000 0.000 0.000 0.000 0.000 0.000 0.000 0.000 0.560 1.000 0.000 0.000 0.000 0.000 0.000 0.000 0.000 0.000 0.260 1.000 0.260 1.000 0.000 0.000 0.000 0.000 0.000 0.000 0.000 0.000 0.000 0.000 0.000 0.000 0.000 0.000 0.000 0.000 0.000 0.000 0.000 0.000 0.000 0.000 0.000 0.000 0.000 0.000 0.460 1.000 1.000 1.000 1.000 1.000 0.000 0.000 0.000 0.000 0.000 0.000 0.000 0.000 0.000 0.000 0.340 1.000 0.340 1.000 0.000 0.000 "surprise - negative"
"angry-new" "_" 0.050 1.000 0.050 1.000 1.000 1.000 1.000 1.000 0.000 0.000 0.000 0.000 0.000 0.000 0.000 0.000 0.000 0.000 0.180 1.000 0.180 1.000 0.000 1.000 0.000 1.000 0.810 1.000 0.810 1.000 0.180 1.000 0.180 1.000 0.000 1.000 0.000 1.000 0.000 1.000 0.610 1.000 0.598 1.000 0.000 0.000 0.000 0.000 0.000 1.000 0.000 1.000 0.000 0.000 0.000 1.000 0.000 1.000 0.000 1.000 0.000 1.000 0.000 1.000 0.000 1.000 0.370 1.000 0.500 1.000 0.000 0.000 0.000 0.000 0.000 0.000 0.000 1.000 0.000 1.000 0.000 1.000 0.000 1.000 0.000 0.000 0.000 0.000 -0.200 1.000 -0.040 1.000 1.000 1.000 0.000 0.000 0.000 0.000 0.000 0.000 "angry-new"
"angry-2" "_" 0.510 1.000 0.510 1.000 0.490 1.000 0.490 1.000 0.000 0.000 0.000 0.000 0.000 0.000 0.000 0.000 0.000 0.000 0.160 1.000 0.160 1.000 0.000 1.000 0.000 1.000 0.860 1.000 0.860 1.000 0.530 1.000 0.530 1.000 0.490 1.000 0.490 1.000 0.000 1.000 0.760 1.000 0.517 1.000 0.000 0.000 0.000 0.000 0.590 1.000 0.590 1.000 0.000 0.000 0.000 0.000 0.000 0.000 0.000 0.000 0.000 0.000 0.000 0.000 0.000 0.000 0.143 1.000 0.210 1.000 0.000 0.000 0.000 0.000 0.100 1.000 0.000 0.000 0.000 0.000 0.000 0.000 0.000 0.000 0.000 0.000 0.000 0.000 0.000 0.000 0.000 0.000 0.500 1.000 0.000 0.000 0.000 0.000 0.000 0.000 "most intense"
"happy" "_" 0.000 0.000 0.000 0.000 0.210 1.000 0.210 1.000 0.000 0.000 0.000 0.000 0.000 0.000 0.000 0.000 0.000 0.000 0.410 1.000 0.410 1.000 0.000 0.000 0.000 0.000 0.180 1.000 0.180 1.000 0.540 1.000 0.540 1.000 0.000 1.000 0.000 1.000 0.000 0.000 0.000 1.000 0.000 1.000 1.000 1.000 1.000 1.000 0.000 0.000 0.000 0.000 0.000 1.000 0.700 1.000 0.700 1.000 0.000 0.000 0.000 0.000 0.000 0.000 0.000 0.000 0.000 0.000 0.000 0.000 0.000 0.000 0.000 0.000 0.000 0.000 0.000 1.000 0.080 1.000 0.260 1.000 0.260 1.000 0.000 0.000 0.000 0.000 0.000 1.000 0.000 0.000 0.000 0.000 0.000 0.000 0.000 0.000 0.000 0.000 "full smile"
"half smile" "_" 0.000 0.000 0.000 0.000 0.360 1.000 0.360 1.000 0.000 0.000 0.000 0.000 0.000 0.000 0.000 0.000 0.000 0.000 0.200 1.000 0.200 1.000 0.000 0.000 0.000 0.000 0.000 0.000 0.000 0.000 0.380 1.000 0.380 1.000 0.000 0.000 0.000 0.000 0.000 0.000 0.000 0.000 0.000 0.000 0.600 1.000 0.600 1.000 0.000 0.000 0.000 0.000 0.000 1.000 0.500 1.000 0.500 1.000 0.000 0.000 0.000 0.000 0.000 0.000 0.000 0.000 0.000 0.000 0.000 0.000 0.000 0.000 0.000 0.000 0.000 0.000 0.000 1.000 0.000 1.000 0.000 1.000 0.000 1.000 0.000 0.000 0.000 0.000 0.000 0.000 0.000 0.000 0.000 0.000 0.000 0.000 0.000 0.000 0.000 0.000 "half smile"
"temp" "_" 0.000 0.000 0.000 0.000 0.430 1.000 0.430 1.000 0.000 0.000 0.000 0.000 0.000 0.000 0.000 0.000 0.000 0.000 0.060 1.000 0.060 1.000 0.000 1.000 0.000 1.000 0.740 1.000 0.740 1.000 0.310 1.000 0.310 1.000 0.240 1.000 0.155 1.000 0.000 1.000 0.960 1.000 0.576 1.000 0.000 0.000 0.000 0.000 0.230 1.000 0.230 1.000 0.000 0.000 0.513 1.000 0.513 1.000 0.000 0.000 0.000 0.000 0.000 0.000 0.000 0.000 0.000 0.000 0.000 0.000 0.000 0.000 0.000 0.000 0.030 1.000 0.000 1.000 0.000 1.000 0.000 1.000 0.000 1.000 0.000 0.000 0.000 0.000 0.000 0.000 0.000 0.000 0.030 1.000 0.000 0.000 0.000 0.000 0.000 0.000 "temp"
