$keys right_lid_raiser left_lid_raiser right_lid_tightener left_lid_tightener right_lid_droop left_lid_droop right_lid_closer left_lid_closer right_inner_raiser left_inner_raiser right_outer_raiser left_outer_raiser right_lowerer left_lowerer right_cheek_raiser left_cheek_raiser right_wrinkler left_wrinkler dilator right_upper_raiser left_upper_raiser right_corner_puller left_corner_puller right_corner_depressor left_corner_depressor chin_raiser right_part left_part right_puckerer left_puckerer right_funneler left_funneler right_stretcher left_stretcher bite presser tightener jaw_clencher jaw_drop right_mouth_drop left_mouth_drop right_cheek_puffer left_cheek_puffer mouth_sideways jaw_sideways lower_lip right_lower_lip left_lower_lip
$hasweighting
"sneering" "_" 0.600 1.000 0.600 1.000 0.140 1.000 1.000 1.000 0.710 1.000 0.327 1.000 0.000 0.000 0.000 0.000 0.038 1.000 0.160 1.000 0.054 1.000 0.180 1.000 0.000 1.000 0.810 1.000 0.439 1.000 0.610 1.000 0.361 1.000 0.950 1.000 0.730 1.000 0.178 1.000 0.990 1.000 0.000 0.000 0.000 0.000 0.000 0.000 0.000 0.000 0.000 0.000 1.000 1.000 0.480 1.000 0.150 1.000 0.090 1.000 0.000 0.000 0.000 0.000 0.000 0.000 0.000 0.000 0.000 0.000 0.000 0.000 0.000 0.000 1.000 1.000 0.000 0.000 0.000 0.000 0.000 0.000 0.000 0.000 0.000 0.000 -0.400 1.000 0.000 0.000 0.980 1.000 0.000 0.000 0.000 0.000 "sneering"
"shock" "_" 0.560 1.000 0.560 1.000 0.000 0.000 0.000 0.000 0.000 0.000 0.000 0.000 0.000 0.000 0.000 0.000 0.840 1.000 0.840 1.000 0.450 1.000 0.450 1.000 0.000 0.000 0.000 0.000 0.000 0.000 0.000 0.000 0.000 0.000 0.000 0.000 0.830 1.000 0.000 0.000 0.000 0.000 0.000 0.000 0.000 0.000 0.790 1.000 0.790 1.000 0.000 0.000 0.000 0.000 0.000 0.000 0.000 0.000 0.000 0.000 0.000 0.000 0.000 0.000 0.000 0.000 0.000 0.000 0.000 0.000 0.000 0.000 0.000 0.000 0.000 0.000 0.620 1.000 1.000 1.000 1.000 1.000 0.000 0.000 0.000 0.000 0.280 1.000 -0.020 1.000 1.000 1.000 0.000 0.000 0.000 0.000 "shock"
"angry_battle" "_" 0.130 1.000 0.130 1.000 0.800 1.000 1.000 1.000 0.000 0.000 0.000 0.000 0.000 0.000 0.000 0.000 0.000 0.000 0.000 0.000 0.360 1.000 0.500 1.000 0.700 1.000 1.000 1.000 0.582 1.000 0.910 1.000 0.534 1.000 0.890 1.000 0.000 0.000 0.292 1.000 0.730 1.000 0.000 0.000 0.000 0.000 0.000 0.000 0.000 0.000 0.000 0.000 0.000 0.000 0.000 0.000 0.000 0.000 0.000 0.000 0.000 0.000 0.000 0.000 0.000 0.000 0.000 0.000 0.000 0.000 0.000 0.000 0.000 0.000 0.000 0.000 0.000 0.000 0.000 0.000 0.000 0.000 0.000 0.000 0.000 0.000 -0.400 1.000 0.000 0.000 0.480 1.000 0.000 0.000 0.000 0.000 "in battle - angry "
"happy" "_" 0.000 1.000 0.000 1.000 0.192 1.000 0.240 1.000 0.000 0.000 0.000 0.000 0.000 0.000 0.000 0.000 0.550 1.000 0.550 1.000 0.000 0.000 0.000 0.000 0.990 1.000 0.990 1.000 0.650 1.000 0.377 1.000 0.210 1.000 0.210 1.000 0.640 1.000 0.000 1.000 0.000 1.000 0.420 1.000 1.000 1.000 0.000 0.000 0.000 0.000 0.000 1.000 0.105 1.000 0.350 1.000 0.310 1.000 0.006 1.000 0.000 0.000 0.000 0.000 0.000 0.000 0.000 0.000 0.000 0.000 0.000 0.000 0.000 0.000 0.000 0.000 0.320 1.000 0.000 1.000 0.500 1.000 0.000 0.000 0.000 0.000 0.000 0.000 0.000 0.000 0.930 1.000 0.000 0.000 0.000 0.000 "happy"
"gruff - dialogue" "_" 0.000 0.000 0.000 0.000 0.482 1.000 0.560 1.000 0.000 0.000 0.000 0.000 0.000 0.000 0.000 0.000 0.000 0.000 0.000 0.000 0.000 0.000 0.000 0.000 0.385 1.000 0.550 1.000 0.000 0.000 0.000 0.000 0.286 1.000 0.550 1.000 0.000 0.000 0.020 1.000 0.250 1.000 0.000 0.000 0.000 0.000 0.390 1.000 0.390 1.000 0.510 1.000 0.000 0.000 0.000 0.000 0.000 0.000 0.000 0.000 0.000 0.000 0.000 0.000 0.000 0.000 0.000 0.000 0.000 0.000 0.000 1.000 0.180 1.000 0.000 0.000 0.000 0.000 0.000 0.000 0.000 0.000 0.000 0.000 0.000 0.000 -0.300 1.000 0.000 0.000 0.000 0.000 0.000 0.000 0.000 0.000 "dialogue friendly gruff"
"hurt" "_" 0.010 1.000 0.030 1.000 1.000 1.000 0.960 1.000 0.000 0.000 0.000 0.000 0.000 0.000 0.000 0.000 1.000 1.000 0.820 1.000 0.000 1.000 0.000 1.000 0.530 1.000 0.456 1.000 0.190 1.000 0.190 1.000 0.940 1.000 0.677 1.000 0.710 1.000 0.380 1.000 1.000 1.000 0.110 1.000 0.110 1.000 0.000 1.000 0.000 1.000 1.000 1.000 0.000 0.000 0.000 0.000 0.000 0.000 0.000 0.000 0.000 0.000 0.000 0.000 0.180 1.000 0.300 1.000 0.000 0.000 0.000 0.000 0.000 0.000 1.000 1.000 0.000 1.000 0.150 1.000 0.150 1.000 0.000 0.000 0.000 0.000 -0.320 1.000 0.600 1.000 0.000 0.000 0.680 1.000 0.680 1.000 "hurt buy trying to walk it off"
"angry - dialogue" "_" 0.150 1.000 0.150 1.000 0.660 1.000 0.660 1.000 0.000 0.000 0.000 0.000 0.000 0.000 0.000 0.000 0.100 1.000 0.100 1.000 0.140 1.000 0.140 1.000 0.910 1.000 0.910 1.000 0.240 1.000 0.240 1.000 0.480 1.000 1.000 1.000 0.390 1.000 0.000 1.000 0.000 1.000 0.000 0.000 0.000 0.000 0.000 0.000 0.000 0.000 0.640 1.000 0.000 0.000 0.000 0.000 0.000 0.000 0.000 0.000 0.000 0.000 0.000 0.000 0.000 0.000 0.000 0.000 0.000 0.000 0.000 0.000 0.000 0.000 0.000 0.000 0.000 0.000 0.000 0.000 0.000 0.000 0.000 0.000 0.000 0.000 -0.240 1.000 0.000 0.000 0.000 0.000 0.000 0.000 0.000 0.000 "dialogue friendly angry"
"fear_level_1_01" "_" 0.930 1.000 0.000 1.000 0.000 0.000 0.000 0.000 0.000 0.000 0.000 0.000 0.000 0.000 0.000 0.000 1.000 1.000 0.720 1.000 0.000 0.000 0.000 0.000 0.530 1.000 0.530 1.000 0.230 1.000 0.230 1.000 0.000 0.000 0.000 0.000 0.310 1.000 0.480 1.000 0.480 1.000 0.000 0.000 0.000 0.000 0.650 1.000 0.650 1.000 0.000 0.000 0.000 0.000 0.000 0.000 0.000 0.000 0.000 0.000 0.000 0.000 0.000 0.000 0.000 0.000 0.000 0.000 0.000 0.000 0.000 0.000 0.000 0.000 0.000 0.000 0.000 0.000 0.000 0.000 0.000 0.000 0.000 0.000 0.000 0.000 0.000 0.000 0.000 0.000 0.000 0.000 0.000 1.000 0.630 1.000 "feal_level_1_01"
"angry_level_1_01" "_" 0.000 0.000 0.000 0.000 0.576 1.000 0.800 1.000 0.000 0.000 0.000 0.000 0.000 0.000 0.000 0.000 0.000 0.000 0.000 0.000 0.000 0.000 0.000 0.000 0.600 1.000 0.600 1.000 0.390 1.000 0.390 1.000 0.650 1.000 0.624 1.000 0.000 0.000 0.006 1.000 0.290 1.000 0.000 0.000 0.000 0.000 0.425 1.000 0.590 1.000 0.000 0.000 0.000 0.000 0.000 0.000 0.000 0.000 0.000 0.000 0.000 0.000 0.000 0.000 0.000 0.000 0.000 0.000 0.000 0.000 0.000 0.000 0.000 0.000 0.000 0.000 0.000 0.000 0.000 0.000 0.000 0.000 0.000 0.000 0.000 0.000 -0.240 1.000 -0.180 1.000 0.000 0.000 0.000 0.000 0.000 0.000 "angry_level_1_01"
"angry_level_2_01" "_" 0.000 0.000 0.000 0.000 0.000 0.000 0.000 0.000 0.000 0.000 0.000 0.000 0.000 0.000 0.000 0.000 0.000 0.000 0.000 0.000 0.000 0.000 0.000 0.000 0.000 0.000 0.000 0.000 0.000 0.000 0.000 0.000 0.000 0.000 0.000 0.000 0.000 0.000 0.000 0.000 0.000 0.000 0.000 0.000 0.000 0.000 0.000 0.000 0.000 0.000 0.000 0.000 0.000 0.000 0.000 0.000 0.000 0.000 0.000 0.000 0.000 0.000 0.000 0.000 0.000 0.000 0.000 0.000 0.000 0.000 0.000 0.000 0.000 0.000 0.000 0.000 0.000 0.000 0.000 0.000 0.000 0.000 0.000 0.000 0.000 0.000 0.000 0.000 0.000 0.000 0.000 0.000 0.000 0.000 0.000 0.000 "angry_level_2_01"
"angry_level_3_01" "_" 1.000 1.000 0.180 1.000 0.420 1.000 1.000 1.000 1.000 1.000 0.680 1.000 0.000 1.000 0.400 1.000 0.000 0.000 0.000 0.000 0.480 1.000 0.480 1.000 1.000 1.000 1.000 1.000 0.180 1.000 1.000 1.000 0.180 1.000 1.000 1.000 1.000 1.000 0.740 1.000 1.000 1.000 0.000 1.000 0.000 1.000 1.000 1.000 0.660 1.000 0.000 1.000 1.000 1.000 1.000 1.000 1.000 1.000 0.000 1.000 0.000 1.000 0.000 1.000 1.000 1.000 1.000 1.000 0.000 1.000 0.000 1.000 0.000 1.000 0.000 1.000 0.000 1.000 0.000 1.000 0.000 1.000 0.000 1.000 0.000 1.000 0.060 1.000 0.300 1.000 1.000 1.000 0.000 0.000 0.000 0.000 "angry_level_3_01"
"fear_level_2_01" "_" 1.000 1.000 0.420 1.000 0.000 0.000 0.000 0.000 0.000 0.000 0.000 0.000 0.000 0.000 0.000 0.000 1.000 1.000 0.560 1.000 0.000 0.000 0.000 0.000 0.174 1.000 0.300 1.000 0.350 1.000 0.350 1.000 0.000 1.000 0.240 1.000 0.280 1.000 0.502 1.000 0.930 1.000 0.000 0.000 0.000 0.000 0.718 1.000 0.780 1.000 0.000 0.000 0.000 0.000 0.000 0.000 0.000 0.000 0.000 0.000 0.000 0.000 0.000 0.000 0.000 1.000 0.290 1.000 0.000 0.000 0.000 0.000 0.000 0.000 0.000 0.000 0.020 1.000 1.000 1.000 1.000 1.000 0.000 0.000 0.000 0.000 0.000 0.000 0.260 1.000 0.000 0.000 0.374 1.000 0.850 1.000 "fear_level_2_01"
"fear_level_3_01" "_" 1.000 1.000 0.388 1.000 0.000 0.000 0.000 0.000 0.000 0.000 0.000 0.000 0.000 0.000 0.000 0.000 1.000 1.000 1.000 1.000 0.000 1.000 0.000 1.000 0.373 1.000 0.373 1.000 0.174 1.000 0.503 1.000 0.000 1.000 0.275 1.000 0.648 1.000 0.600 1.000 1.000 1.000 0.000 0.000 0.000 0.000 0.860 1.000 1.000 1.000 0.000 0.000 0.000 0.000 0.000 0.000 0.000 0.000 0.000 0.000 0.000 0.000 0.000 0.000 0.013 1.000 0.013 1.000 0.000 0.000 0.000 0.000 0.000 0.000 0.000 0.000 0.344 1.000 0.613 1.000 0.613 1.000 0.000 0.000 0.000 0.000 0.000 0.000 0.213 1.000 0.000 0.000 0.389 1.000 0.748 1.000 "fear_level_3_01"
"concerned - dialogue" "_" 0.440 1.000 0.440 1.000 0.000 0.000 0.000 0.000 0.000 0.000 0.000 0.000 0.000 0.000 0.000 0.000 0.650 1.000 0.650 1.000 0.160 1.000 0.160 1.000 0.000 0.000 0.000 0.000 0.000 0.000 0.000 0.000 0.000 0.000 0.000 0.000 0.000 0.000 0.000 0.000 0.000 0.000 0.000 0.000 0.000 0.000 0.540 1.000 0.540 1.000 0.000 0.000 0.000 1.000 0.000 1.000 0.000 0.000 0.000 0.000 0.000 0.000 0.000 0.000 0.000 0.000 0.000 0.000 0.000 0.000 0.000 0.000 0.000 0.000 0.000 0.000 0.000 0.000 0.000 0.000 0.000 0.000 0.000 0.000 0.000 0.000 0.200 1.000 0.000 1.000 0.540 1.000 0.000 0.000 0.000 0.000 "dialogue friendly concerned"
"shock - dialogue" "_" 0.640 1.000 0.640 1.000 0.000 0.000 0.000 0.000 0.000 0.000 0.000 0.000 0.000 0.000 0.000 0.000 1.000 1.000 1.000 1.000 0.500 1.000 0.500 1.000 0.000 0.000 0.000 0.000 0.000 0.000 0.000 0.000 0.000 0.000 0.000 0.000 1.000 1.000 0.000 0.000 0.000 0.000 0.000 0.000 0.000 0.000 1.000 1.000 1.000 1.000 0.000 1.000 0.000 0.000 0.000 0.000 0.000 0.000 0.000 0.000 0.000 0.000 0.000 0.000 0.900 1.000 0.900 1.000 0.000 0.000 0.000 0.000 1.000 1.000 0.000 0.000 0.880 1.000 1.000 1.000 1.000 1.000 0.000 0.000 0.000 0.000 0.560 1.000 0.000 0.000 1.000 1.000 0.000 0.000 0.000 0.000 "dialogue friendly shock"
"hurt - dialogue" "_" 0.160 1.000 0.160 1.000 1.000 1.000 1.000 1.000 0.140 1.000 0.140 1.000 0.000 0.000 0.000 0.000 0.387 1.000 0.880 1.000 0.103 1.000 0.110 1.000 0.860 1.000 0.430 1.000 0.730 1.000 0.380 1.000 0.180 1.000 0.450 1.000 0.750 1.000 0.000 0.000 0.000 0.000 0.000 0.000 0.000 0.000 0.414 1.000 0.690 1.000 1.000 1.000 0.000 0.000 0.000 0.000 0.000 0.000 0.000 0.000 0.000 0.000 0.000 0.000 0.000 0.000 0.000 0.000 0.000 0.000 0.000 0.000 0.000 0.000 0.000 0.000 0.000 0.000 0.000 0.000 0.000 0.000 0.000 0.000 0.000 0.000 -0.240 1.000 -0.040 0.000 0.000 0.000 0.000 0.000 0.000 0.000 "dialogue friendly hurt"
"hurt_2 - dialogue" "_" 0.000 1.000 0.260 1.000 0.780 1.000 0.718 1.000 0.140 1.000 0.140 1.000 0.000 0.000 0.000 0.000 1.000 1.000 1.000 1.000 0.009 1.000 0.010 1.000 0.830 1.000 0.415 1.000 0.800 1.000 0.336 1.000 0.403 1.000 0.840 1.000 0.750 1.000 0.000 0.000 0.000 0.000 0.000 0.000 0.000 0.000 0.000 1.000 0.000 1.000 1.000 1.000 0.000 0.000 0.000 0.000 0.000 0.000 0.000 0.000 0.000 0.000 0.000 0.000 0.000 0.000 0.000 0.000 0.000 0.000 0.000 0.000 0.000 0.000 0.000 0.000 0.000 0.000 0.000 0.000 0.000 0.000 0.000 0.000 0.000 0.000 0.360 1.000 -0.040 0.000 0.000 0.000 0.000 0.000 0.000 0.000 "dialogue friendly more intense hurt"
"optimistic - dialogue" "_" 0.190 1.000 0.190 1.000 0.310 1.000 0.310 1.000 0.000 0.000 0.000 0.000 0.000 0.000 0.000 0.000 0.480 1.000 0.480 1.000 0.180 1.000 0.180 1.000 0.000 0.000 0.000 0.000 0.230 1.000 0.230 1.000 0.000 0.000 0.000 0.000 0.460 1.000 0.000 1.000 0.000 1.000 0.538 1.000 0.690 1.000 0.000 0.000 0.000 0.000 0.000 1.000 0.327 1.000 0.380 1.000 0.000 0.000 0.000 0.000 0.000 0.000 0.000 0.000 0.000 0.000 0.000 0.000 0.000 0.000 0.000 0.000 0.000 0.000 0.000 0.000 0.000 0.000 0.000 0.000 0.000 0.000 0.000 0.000 0.000 0.000 -0.200 1.000 0.000 0.000 0.000 0.000 0.000 0.000 0.000 0.000 "hello"
"happy - dialogue" "_" 0.000 1.000 0.000 1.000 0.000 1.000 0.000 1.000 0.000 0.000 0.000 0.000 0.000 0.000 0.000 0.000 1.000 1.000 0.661 1.000 0.340 1.000 0.340 1.000 0.880 1.000 1.000 1.000 0.621 1.000 1.000 1.000 0.000 1.000 0.000 1.000 0.000 0.000 0.000 1.000 0.000 1.000 0.800 1.000 1.000 1.000 0.000 0.000 0.000 0.000 0.440 1.000 0.000 0.000 0.000 0.000 0.000 0.000 0.000 0.000 0.000 0.000 0.000 0.000 0.000 0.000 0.000 0.000 0.000 0.000 0.000 0.000 0.000 0.000 0.000 0.000 0.000 1.000 0.000 1.000 0.000 1.000 0.000 0.000 0.000 0.000 -0.420 1.000 -0.280 1.000 0.000 0.000 0.573 1.000 0.610 1.000 "dialogue friendly happy"
"evil smile" "_" 1.000 1.000 1.000 1.000 0.034 1.000 0.340 1.000 0.000 1.000 0.000 1.000 0.000 0.000 0.000 0.000 0.180 1.000 0.166 1.000 0.640 1.000 0.640 1.000 0.880 1.000 1.000 1.000 0.503 1.000 0.810 1.000 0.800 1.000 1.000 1.000 0.000 0.000 0.149 1.000 0.310 1.000 0.800 1.000 1.000 1.000 0.000 0.000 0.000 0.000 0.240 1.000 0.700 1.000 0.700 1.000 0.000 0.000 0.000 0.000 0.000 0.000 0.000 0.000 0.000 0.000 0.000 0.000 0.000 0.000 0.000 0.000 0.000 0.000 0.000 1.000 0.000 1.000 0.000 1.000 0.000 1.000 0.000 0.000 0.000 0.000 -0.280 1.000 -0.220 1.000 0.000 1.000 0.573 1.000 0.610 1.000 "kinda crazy"
"eh" "_" 0.000 0.000 0.000 0.000 0.240 1.000 0.240 1.000 0.000 0.000 0.000 0.000 0.000 0.000 0.000 0.000 0.259 1.000 0.810 1.000 0.280 1.000 0.280 1.000 0.000 1.000 0.000 1.000 0.190 1.000 0.190 1.000 0.150 1.000 0.150 1.000 0.200 1.000 0.100 1.000 0.100 1.000 0.000 0.000 0.000 0.000 0.250 1.000 0.250 1.000 0.280 1.000 0.000 1.000 0.000 1.000 0.000 0.000 0.000 0.000 0.000 0.000 0.000 0.000 0.000 0.000 0.000 0.000 0.000 0.000 0.000 0.000 0.000 0.000 0.000 0.000 0.000 0.000 0.000 0.000 0.000 0.000 0.000 0.000 0.000 0.000 0.000 0.000 0.000 0.000 0.000 0.000 0.000 0.000 0.000 0.000 "eh"
"smile 2" "_" 0.000 1.000 0.000 1.000 0.192 1.000 0.240 1.000 0.000 0.000 0.000 0.000 0.000 0.000 0.000 0.000 0.550 1.000 0.550 1.000 0.000 0.000 0.000 0.000 0.990 1.000 0.990 1.000 0.647 1.000 0.660 1.000 0.210 1.000 0.210 1.000 0.640 1.000 0.000 1.000 0.000 1.000 0.420 1.000 1.000 1.000 0.000 0.000 0.000 0.000 0.000 1.000 0.105 1.000 0.350 1.000 0.310 1.000 0.006 1.000 0.000 0.000 0.000 0.000 0.000 0.000 0.000 0.000 0.000 0.000 0.000 0.000 0.000 0.000 0.000 0.000 0.320 1.000 0.000 1.000 0.500 1.000 0.000 0.000 0.000 0.000 0.000 0.000 0.000 0.000 0.930 1.000 0.000 0.000 0.000 0.000 "W."
"awe 1" "_" 0.530 1.000 0.530 1.000 0.110 1.000 0.110 1.000 0.000 0.000 0.000 0.000 0.000 0.000 0.000 0.000 0.740 1.000 0.740 1.000 0.300 1.000 0.300 1.000 0.000 0.000 0.000 0.000 0.000 0.000 0.000 0.000 0.000 0.000 0.000 0.000 0.690 1.000 0.050 1.000 0.050 1.000 0.000 0.000 0.000 0.000 0.640 1.000 0.640 1.000 0.000 0.000 1.000 1.000 1.000 1.000 0.000 0.000 0.000 0.000 0.000 0.000 0.000 0.000 0.000 0.000 0.000 0.000 0.000 0.000 0.000 0.000 0.000 0.000 0.000 0.000 0.360 1.000 0.640 1.000 0.640 1.000 0.000 0.000 0.000 0.000 0.000 0.000 0.000 0.000 0.000 1.000 0.000 0.000 0.000 0.000 "sad awe"
"awe 2" "_" 0.610 1.000 0.610 1.000 0.000 0.000 0.000 0.000 0.000 0.000 0.000 0.000 0.000 0.000 0.000 0.000 0.730 1.000 0.730 1.000 0.380 1.000 0.380 1.000 0.000 0.000 0.000 0.000 0.350 1.000 0.350 1.000 0.310 1.000 0.310 1.000 0.510 1.000 0.000 0.000 0.000 0.000 0.248 1.000 0.400 1.000 0.000 0.000 0.000 0.000 0.000 0.000 0.800 1.000 0.784 1.000 0.000 0.000 0.000 0.000 0.000 0.000 0.000 0.000 0.000 0.000 0.000 0.000 0.000 0.000 0.000 0.000 0.000 0.000 0.000 0.000 0.000 0.000 0.000 0.000 0.000 0.000 0.000 0.000 0.000 0.000 0.000 0.000 0.000 0.000 0.000 0.000 0.000 0.000 0.000 0.000 "optimistic awe"
"sarcastic 1" "_" 0.080 1.000 0.080 1.000 0.230 1.000 0.230 1.000 0.000 0.000 0.000 0.000 0.000 0.000 0.000 0.000 0.560 1.000 0.560 1.000 0.330 1.000 0.330 1.000 0.150 1.000 0.150 1.000 0.090 1.000 0.090 1.000 0.310 1.000 0.310 1.000 0.540 1.000 0.000 0.000 0.000 0.000 0.328 1.000 0.780 1.000 0.000 0.000 0.000 0.000 0.000 0.000 0.340 1.000 0.340 1.000 0.000 0.000 0.000 0.000 0.000 0.000 0.000 0.000 0.000 0.000 0.000 0.000 0.000 0.000 0.000 0.000 0.000 0.000 0.000 0.000 0.000 0.000 0.000 0.000 0.000 0.000 0.000 0.000 0.000 0.000 0.000 0.000 0.000 0.000 0.000 0.000 0.000 0.000 0.000 0.000 "sarcastic 1"
"sarcastic 2" "_" 0.000 0.000 0.000 0.000 0.000 1.000 0.000 1.000 0.000 1.000 0.000 1.000 0.000 1.000 0.000 1.000 0.410 1.000 0.410 1.000 0.000 1.000 0.000 1.000 0.590 1.000 0.590 1.000 0.160 1.000 0.160 1.000 0.200 1.000 0.200 1.000 0.400 1.000 0.000 0.000 0.000 0.000 0.000 0.000 0.000 0.000 0.531 1.000 0.830 1.000 0.640 1.000 0.000 0.000 0.000 0.000 0.030 1.000 0.030 1.000 0.000 1.000 0.000 1.000 0.000 0.000 0.000 0.000 0.000 0.000 0.410 1.000 0.000 0.000 0.000 0.000 0.000 0.000 0.000 0.000 0.000 0.000 0.000 0.000 0.000 0.000 0.000 0.000 0.000 0.000 0.000 0.000 0.000 0.000 0.000 0.000 "upset/slightly pissed"
