$keys right_lid_raiser left_lid_raiser right_lid_tightener left_lid_tightener right_lid_droop left_lid_droop right_lid_closer left_lid_closer half_closed blink right_inner_raiser left_inner_raiser right_outer_raiser left_outer_raiser right_lowerer left_lowerer right_cheek_raiser left_cheek_raiser right_wrinkler left_wrinkler dilator right_upper_raiser left_upper_raiser right_corner_puller left_corner_puller right_corner_depressor left_corner_depressor chin_raiser right_part left_part right_puckerer left_puckerer right_funneler left_funneler right_stretcher left_stretcher bite presser jaw_clencher jaw_drop right_mouth_drop left_mouth_drop jaw_sideways right_lower_lip left_lower_lip lip_sealer phoneme fear1 fear3
$hasweighting
"disgusted" "_" 0.000 1.000 0.000 1.000 0.760 1.000 0.502 1.000 0.000 1.000 0.000 1.000 0.000 1.000 0.000 1.000 0.000 1.000 0.000 1.000 0.190 1.000 0.190 1.000 0.100 1.000 0.100 1.000 0.250 1.000 0.250 1.000 0.260 1.000 0.260 1.000 0.950 1.000 0.950 1.000 0.700 1.000 0.000 1.000 0.690 1.000 0.100 1.000 0.100 1.000 0.460 1.000 0.460 1.000 1.000 1.000 0.000 1.000 0.000 1.000 0.000 1.000 0.000 1.000 0.000 1.000 0.000 1.000 0.000 1.000 0.000 1.000 0.000 1.000 0.000 1.000 0.000 1.000 0.000 1.000 0.000 1.000 0.000 1.000 0.180 1.000 0.240 1.000 0.240 1.000 0.000 1.000 0.000 1.000 0.000 0.000 0.000 0.000 "disgusted"
"optimistic - dialogue" "_" 0.310 1.000 0.310 1.000 0.190 1.000 0.190 1.000 0.000 0.000 0.000 0.000 0.000 0.000 0.000 0.000 0.000 0.000 0.000 0.000 0.710 1.000 0.710 1.000 0.500 1.000 0.500 1.000 0.000 1.000 0.000 1.000 0.030 1.000 0.030 1.000 0.000 1.000 0.000 1.000 0.290 1.000 0.000 0.000 0.000 0.000 0.290 1.000 0.284 1.000 0.000 0.000 0.000 0.000 0.000 0.000 0.000 0.000 0.000 0.000 0.000 0.000 0.000 0.000 0.000 0.000 0.000 0.000 0.000 0.000 0.000 0.000 0.000 0.000 0.000 0.000 0.000 0.000 0.000 0.000 0.000 0.000 0.000 0.000 0.000 0.000 0.000 0.000 0.000 0.000 0.000 0.000 0.000 0.000 0.000 0.000 0.000 0.000 "optimistic - dialogue"
"smile - full" "_" 0.250 1.000 0.250 1.000 0.000 1.000 0.000 1.000 0.000 0.000 0.000 0.000 0.000 0.000 0.000 0.000 0.000 0.000 0.000 0.000 0.750 1.000 0.750 1.000 0.250 1.000 0.250 1.000 0.360 1.000 0.360 1.000 1.000 1.000 1.000 1.000 0.042 1.000 0.140 1.000 1.000 1.000 0.330 1.000 0.330 1.000 0.950 1.000 0.779 1.000 0.000 1.000 0.000 1.000 0.230 1.000 0.000 1.000 0.000 1.000 0.000 1.000 0.000 1.000 0.000 1.000 0.000 1.000 0.100 1.000 0.100 1.000 0.000 0.000 0.000 0.000 0.000 0.000 0.000 1.000 0.000 1.000 0.000 1.000 0.000 0.000 0.500 1.000 0.500 1.000 0.000 1.000 0.000 0.000 0.000 0.000 0.000 0.000 "smile - full"
"gruff - dialogue" "_" 0.280 1.000 0.280 1.000 0.180 1.000 0.180 1.000 0.000 0.000 0.000 0.000 0.000 0.000 0.000 0.000 0.000 0.000 0.000 0.000 0.250 1.000 0.250 1.000 0.000 1.000 0.000 1.000 0.790 1.000 0.774 1.000 0.280 1.000 0.280 1.000 0.600 1.000 0.600 1.000 0.460 1.000 0.000 0.000 0.000 0.000 0.000 0.000 0.000 0.000 0.000 0.000 0.000 0.000 1.000 1.000 0.000 0.000 0.000 0.000 0.000 0.000 0.000 0.000 0.000 0.000 0.000 0.000 0.000 0.000 0.000 0.000 0.000 0.000 0.000 0.000 0.000 0.000 0.000 0.000 0.000 0.000 0.000 0.000 0.000 0.000 0.000 0.000 0.000 0.000 0.000 0.000 0.000 0.000 0.000 0.000 0.000 0.000 "gruff - dialogue"
"smile - half" "_" 0.400 1.000 0.328 1.000 0.110 1.000 0.110 1.000 0.000 0.000 0.000 0.000 0.000 0.000 0.000 0.000 0.000 0.000 0.000 0.000 0.440 1.000 0.440 1.000 0.160 1.000 0.160 1.000 0.000 1.000 0.000 1.000 0.530 1.000 0.530 1.000 0.000 1.000 0.000 1.000 0.980 1.000 0.260 1.000 0.099 1.000 0.860 1.000 0.344 1.000 0.230 1.000 0.083 1.000 0.000 1.000 0.000 0.000 0.000 0.000 0.000 1.000 0.000 1.000 0.000 1.000 0.000 1.000 0.000 1.000 0.000 1.000 0.000 0.000 0.000 1.000 0.000 1.000 0.000 1.000 0.140 1.000 0.140 1.000 0.080 1.000 0.230 1.000 0.221 1.000 0.000 0.000 0.000 0.000 0.000 0.000 0.000 0.000 "smile - half"
"angry " "_" 0.860 1.000 0.860 1.000 0.197 1.000 0.290 1.000 0.000 0.000 0.000 0.000 0.000 0.000 0.000 0.000 0.000 0.000 0.000 0.000 0.380 1.000 0.380 1.000 0.000 1.000 0.000 1.000 1.000 1.000 1.000 1.000 0.437 1.000 0.590 1.000 0.780 1.000 1.000 1.000 1.000 1.000 0.686 1.000 0.880 1.000 0.000 1.000 0.000 1.000 0.250 1.000 0.250 1.000 0.090 1.000 0.000 0.000 0.000 0.000 0.000 0.000 0.000 0.000 0.000 0.000 0.000 0.000 0.550 1.000 0.550 1.000 0.000 0.000 0.000 1.000 1.000 1.000 0.100 1.000 1.000 1.000 1.000 1.000 -0.020 1.000 0.180 1.000 0.122 1.000 0.000 0.000 0.000 0.000 0.000 0.000 0.000 0.000 "angry"
"angry - dialogue" "_" 0.860 1.000 0.860 1.000 0.197 1.000 0.290 1.000 0.000 0.000 0.000 0.000 0.000 0.000 0.000 0.000 0.000 0.000 0.000 0.000 0.380 1.000 0.380 1.000 0.000 1.000 0.000 1.000 1.000 1.000 1.000 1.000 0.437 1.000 0.590 1.000 0.780 1.000 1.000 1.000 1.000 1.000 0.000 1.000 0.000 1.000 0.000 1.000 0.000 1.000 0.250 1.000 0.250 1.000 0.090 1.000 0.000 0.000 0.000 0.000 0.000 0.000 0.000 0.000 0.000 0.000 0.000 0.000 0.310 1.000 0.310 1.000 0.000 0.000 0.000 1.000 0.000 1.000 0.000 1.000 0.000 1.000 0.000 1.000 -0.020 1.000 0.180 1.000 0.122 1.000 0.000 0.000 0.000 0.000 0.000 0.000 0.000 0.000 "angry - dialogue"
"shocked" "_" 0.880 1.000 0.845 1.000 0.078 1.000 0.100 1.000 0.000 1.000 0.000 1.000 0.000 1.000 0.000 1.000 0.000 1.000 0.000 1.000 0.900 1.000 0.738 1.000 0.130 1.000 0.310 1.000 0.000 1.000 0.000 1.000 0.000 1.000 0.000 1.000 0.000 1.000 0.000 1.000 0.630 1.000 0.200 1.000 0.200 1.000 0.000 1.000 0.000 1.000 0.093 1.000 0.310 1.000 0.000 1.000 0.350 1.000 0.350 1.000 0.000 1.000 0.000 1.000 0.000 1.000 0.000 1.000 0.240 1.000 0.240 1.000 0.000 1.000 0.000 1.000 0.000 1.000 0.960 1.000 0.432 1.000 0.460 1.000 0.100 1.000 0.860 1.000 1.000 1.000 0.000 1.000 0.000 0.000 0.000 1.000 0.000 1.000 "shocked"
"pain_1" "_" 0.330 1.000 0.330 1.000 0.780 1.000 0.780 1.000 0.000 0.000 0.000 0.000 0.000 0.000 0.000 0.000 0.000 0.000 0.000 0.000 1.000 1.000 0.920 1.000 0.000 1.000 0.000 1.000 1.000 1.000 0.800 1.000 0.280 1.000 0.280 1.000 0.355 1.000 0.740 1.000 0.460 1.000 0.560 1.000 0.504 1.000 0.000 0.000 0.000 0.000 0.430 1.000 0.430 1.000 0.380 1.000 0.000 0.000 0.000 0.000 0.000 0.000 0.000 0.000 0.000 0.000 0.000 0.000 0.510 1.000 0.316 1.000 0.000 0.000 0.000 0.000 0.630 1.000 0.000 0.000 0.000 0.000 0.000 0.000 0.000 0.000 0.290 1.000 0.290 1.000 0.000 0.000 0.000 0.000 0.000 0.000 0.000 0.000 "pain_1"
"concerned" "_" 0.450 1.000 0.342 1.000 0.000 1.000 0.000 1.000 0.000 0.000 0.000 0.000 0.000 0.000 0.000 0.000 0.000 0.000 0.000 0.000 1.000 1.000 0.560 1.000 0.160 1.000 0.160 1.000 0.000 1.000 0.000 1.000 0.312 1.000 0.400 1.000 0.040 1.000 0.040 1.000 0.000 1.000 0.000 1.000 0.000 1.000 0.000 1.000 0.000 1.000 0.390 1.000 0.390 1.000 0.000 1.000 0.000 1.000 0.000 1.000 0.000 0.000 0.000 0.000 0.000 0.000 0.000 0.000 0.260 1.000 0.260 1.000 0.000 0.000 0.000 0.000 0.000 1.000 0.000 1.000 0.000 1.000 0.000 1.000 0.000 0.000 0.000 1.000 0.000 1.000 0.000 0.000 0.000 0.000 0.000 0.000 0.000 0.000 "concerned"
"maniacal smile" "_" 1.000 1.000 1.000 1.000 0.300 1.000 0.300 1.000 0.000 0.000 0.000 0.000 0.000 0.000 0.000 0.000 0.000 0.000 0.000 0.000 0.091 1.000 0.130 1.000 0.110 1.000 0.110 1.000 0.546 1.000 0.880 1.000 1.000 1.000 0.880 1.000 0.392 1.000 0.490 1.000 1.000 1.000 0.259 1.000 0.360 1.000 0.950 1.000 0.779 1.000 0.000 1.000 0.000 1.000 0.390 1.000 0.000 0.000 0.000 0.000 0.000 0.000 0.000 0.000 0.000 0.000 0.000 0.000 0.000 1.000 0.000 1.000 0.000 0.000 0.000 0.000 0.000 1.000 0.000 1.000 0.000 1.000 0.000 1.000 0.000 0.000 0.850 1.000 0.850 1.000 0.000 1.000 0.000 0.000 0.000 0.000 0.000 0.000 "maniacal smile"
"pain_2" "_" 0.330 1.000 0.330 1.000 0.780 1.000 0.780 1.000 0.000 0.000 0.000 0.000 0.000 0.000 0.000 0.000 0.000 0.000 0.000 0.000 1.000 1.000 0.920 1.000 0.000 1.000 0.000 1.000 1.000 1.000 0.800 1.000 0.280 1.000 0.280 1.000 0.355 1.000 0.740 1.000 0.460 1.000 0.560 1.000 0.504 1.000 0.000 0.000 0.000 0.000 0.430 1.000 0.430 1.000 0.380 1.000 0.000 0.000 0.000 0.000 0.000 0.000 0.000 0.000 0.000 0.000 0.000 0.000 0.300 1.000 0.186 1.000 0.000 0.000 0.000 0.000 0.000 1.000 0.000 0.000 0.000 0.000 0.000 0.000 0.000 0.000 0.000 1.000 0.000 1.000 0.000 0.000 0.000 0.000 0.000 0.000 0.000 0.000 "pain_2"
